0	1	<eps>	6	0.693147182
0	1	sil	6	0.693147182
1	3	ii	$
1	4	l	5
1	5	ii	!
1	6	ee	@
1	7	s	2
1	8	s	4
1	9	uu	<eps>
1	10	l	1
1	11	q	7
1	12	b	3
1	13	j	9
1	1	sil	<SPOKEN_NOISE>
1	1	sil	SIL
1
2	1	sil	6
3	1	iao1	6	0.693147182
3	2	iao1	6	0.693147182
4	1	ing2	6	0.693147182
4	2	ing2	6	0.693147182
5	1	i1	6	0.693147182
5	2	i1	6	0.693147182
6	1	er4	6	0.693147182
6	2	er4	6	0.693147182
7	1	an1	6	0.693147182
7	2	an1	6	0.693147182
8	1	iy4	6	0.693147182
8	2	iy4	6	0.693147182
9	1	u3	6	0.693147182
9	2	u3	6	0.693147182
10	1	iu4	6	0.693147182
10	2	iu4	6	0.693147182
11	1	i1	6	0.693147182
11	2	i1	6	0.693147182
12	1	a1	6	0.693147182
12	2	a1	6	0.693147182
13	1	iu3	6	0.693147182
13	2	iu3	6	0.693147182
